0 0.240392 0.573937 0.165264 0.105360
0 0.216318 0.316081 0.195194 0.288355
0 0.249501 0.087800 0.274573 0.153420
0 0.691941 0.081331 0.584281 0.144177
0 0.688688 0.252311 0.088488 0.153420
1 0.507157 0.282810 0.055956 0.125693
1 0.635335 0.329020 0.072872 0.107209
1 0.919667 0.588725 0.076776 0.090573
1 0.408259 0.552680 0.092392 0.107209
1 0.291793 0.476895 0.078078 0.118299
1 0.031534 0.516636 0.039039 0.138632
2 0.388739 0.893715 0.061161 0.079482
2 0.922921 0.890943 0.062462 0.088725
2 0.256007 0.768022 0.081982 0.064695
2 0.561811 0.294824 0.042943 0.064695