1 0.301887 0.314465 0.094340 0.201258
1 0.167453 0.394130 0.089623 0.192872
1 0.602594 0.407757 0.125000 0.253669
1 0.696934 0.471698 0.082547 0.184486
1 0.847288 0.378407 0.095519 0.194969
0 0.390920 0.238994 0.149764 0.218029
0 0.198703 0.629979 0.270047 0.425577
0 0.407429 0.635220 0.100236 0.238994
0 0.551297 0.634172 0.227594 0.484277
0 0.864387 0.275681 0.214623 0.257862
2 0.781840 0.701258 0.063679 0.094340
2 0.796580 0.842767 0.079009 0.067086
2 0.099057 0.814465 0.094340 0.090147
2 0.507075 0.344864 0.143868 0.199161