1 0.161557 0.408805 0.101415 0.257862
1 0.301297 0.292453 0.090802 0.176101
1 0.600825 0.422432 0.104953 0.293501
1 0.698113 0.477987 0.061321 0.182390
1 0.850236 0.372117 0.091981 0.184486
2 0.497052 0.335430 0.090802 0.132075
2 0.797170 0.727463 0.075472 0.085954
2 0.800708 0.854298 0.047170 0.058700
2 0.114387 0.840671 0.066038 0.064990
0 0.215212 0.650943 0.260613 0.356394
0 0.408019 0.242138 0.127358 0.209644
0 0.863208 0.279874 0.207547 0.301887
0 0.551297 0.666667 0.215802 0.408805
0 0.414505 0.658281 0.104953 0.140461