2 0.223286 0.567468 0.054976 0.129390
2 0.417536 0.741220 0.045203 0.107209
2 0.638662 0.756007 0.084297 0.099815
2 0.523212 0.390943 0.034207 0.116451
2 0.604455 0.425139 0.054976 0.114603
2 0.675313 0.299445 0.045203 0.048059
2 0.784044 0.162662 0.037873 0.110906
1 0.717462 0.091497 0.083075 0.131238
1 0.555587 0.259704 0.074523 0.157116
1 0.265434 0.451017 0.097736 0.177449
1 0.693028 0.402033 0.112396 0.179298
0 0.317356 0.456562 0.094071 0.144177
0 0.154260 0.538817 0.100179 0.086876
0 0.840853 0.138632 0.065972 0.062847