1 0.067468 0.689464 0.081331 0.133087
1 0.159273 0.590573 0.067776 0.097967
1 0.258472 0.615527 0.059150 0.107209
1 0.208564 0.498152 0.040665 0.068392
1 0.282502 0.523105 0.048059 0.092421
1 0.357671 0.578558 0.038201 0.107209
1 0.349045 0.460259 0.052988 0.088725
1 0.474122 0.510166 0.046827 0.096118
1 0.650955 0.168207 0.030807 0.088725
1 0.744609 0.152495 0.023413 0.060998
1 0.858595 0.153420 0.034504 0.077634
1 0.909119 0.157116 0.039433 0.062847
1 0.959643 0.166359 0.034504 0.070240
1 0.830869 0.486137 0.057917 0.073937
1 0.796365 0.507394 0.043130 0.072089
1 0.734750 0.415896 0.040665 0.055453
1 0.675601 0.463956 0.035736 0.062847
1 0.567776 0.402033 0.036969 0.057301
1 0.588108 0.572089 0.045595 0.075786
1 0.896796 0.441774 0.044362 0.085028
1 0.959026 0.458410 0.043130 0.066543
1 0.625693 0.370610 0.044362 0.068392
1 0.464880 0.227357 0.048059 0.070240
2 0.361368 0.937153 0.077634 0.096118
2 0.727357 0.771719 0.057917 0.086876
2 0.898028 0.547135 0.036969 0.051756
2 0.645410 0.334566 0.039433 0.040665
2 0.402033 0.416821 0.033272 0.042514
2 0.697166 0.559150 0.036969 0.035120
2 0.771103 0.484288 0.036969 0.066543
2 0.809920 0.353974 0.028343 0.042514
2 0.621996 0.805915 0.034504 0.051756