1 0.070510 0.195933 0.069917 0.133087
1 0.223454 0.120148 0.073662 0.129390
1 0.551189 0.152495 0.107372 0.216266
1 0.870185 0.146950 0.103627 0.182994
1 0.697890 0.670055 0.121106 0.212569
1 0.195986 0.662662 0.091142 0.231054
2 0.225326 0.387246 0.059929 0.057301
2 0.159155 0.402957 0.047444 0.062847
2 0.194738 0.429760 0.048692 0.038817
2 0.509988 0.288355 0.062426 0.118299
2 0.568044 0.332717 0.111118 0.184843
2 0.789032 0.397412 0.088645 0.092421
2 0.194113 0.791128 0.064923 0.155268
2 0.643579 0.955638 0.072414 0.070240
0 0.827736 0.707948 0.113615 0.188540