2 0.185876 0.492606 0.080670 0.042514
2 0.246989 0.322551 0.056225 0.075786
2 0.375328 0.402033 0.058669 0.057301
2 0.339882 0.526802 0.090448 0.055453
2 0.201765 0.886322 0.048891 0.038817
2 0.348438 0.891867 0.048891 0.035120
2 0.474332 0.887246 0.046446 0.048059
2 0.595337 0.889094 0.048891 0.040665
2 0.743232 0.890018 0.056225 0.053604
2 0.872793 0.891867 0.036668 0.038817
1 0.184653 0.259704 0.122227 0.097967
1 0.435220 0.339187 0.110005 0.116451
1 0.234767 0.853974 0.095337 0.088725
1 0.365550 0.851201 0.063558 0.053604
1 0.496333 0.844732 0.061114 0.055453
1 0.643006 0.851201 0.066003 0.060998
1 0.779901 0.856747 0.061114 0.064695
1 0.908239 0.859519 0.063558 0.070240