2 0.302212 0.282810 0.082198 0.059150
2 0.392115 0.213494 0.071923 0.112754
2 0.905851 0.269871 0.154121 0.088725
2 0.140385 0.533272 0.082198 0.097967
2 0.494863 0.484288 0.113022 0.070240
2 0.525687 0.940850 0.241456 0.066543
2 0.154513 0.957486 0.259437 0.044362
1 0.203318 0.139556 0.146415 0.146026
1 0.494863 0.138632 0.169533 0.162662
1 0.850625 0.129390 0.208063 0.210721
1 0.844203 0.472274 0.226044 0.168207
1 0.506422 0.433457 0.182376 0.072089
1 0.180200 0.451941 0.166964 0.086876
1 0.196896 0.809612 0.256868 0.221811
1 0.475598 0.820702 0.254299 0.214418
1 0.841634 0.796673 0.236318 0.218115