2 0.141509 0.483715 0.028302 0.061308
2 0.361439 0.465515 0.034198 0.047897
2 0.317807 0.469346 0.031840 0.047897
2 0.487028 0.340026 0.037736 0.042149
2 0.540684 0.481799 0.017689 0.042149
2 0.718160 0.581424 0.028302 0.072803
2 0.908019 0.595793 0.061321 0.082382
1 0.960495 0.201126 0.069575 0.143690
1 0.786557 0.240401 0.082547 0.141774
1 0.480542 0.258602 0.034198 0.093877
1 0.389741 0.275844 0.050708 0.097709
1 0.222877 0.255728 0.044811 0.072803
1 0.139741 0.285424 0.041274 0.082382
1 0.026533 0.301708 0.015330 0.030654