1 0.197828 0.130314 0.101856 0.182994
1 0.666365 0.247689 0.101856 0.181146
1 0.499321 0.224584 0.085559 0.164510
1 0.353328 0.253235 0.046175 0.092421
1 0.256225 0.181146 0.055681 0.103512
2 0.066773 0.451017 0.035310 0.051756
2 0.358081 0.395564 0.066546 0.073937
2 0.327524 0.465804 0.035310 0.059150
2 0.369624 0.485213 0.043459 0.053604
2 0.557039 0.412200 0.076052 0.073937
2 0.627659 0.374307 0.057039 0.101664
2 0.820507 0.475046 0.081485 0.103512
2 0.568583 0.544362 0.061114 0.090573
2 0.011771 0.392791 0.023087 0.064695