1 0.195798 0.074861 0.105457 0.090573
1 0.555432 0.085952 0.105457 0.101664
1 0.882618 0.102588 0.121681 0.097967
1 0.183630 0.412200 0.124385 0.096118
1 0.547320 0.423290 0.116273 0.121996
1 0.883970 0.420518 0.140609 0.086876
1 0.182278 0.727357 0.132497 0.079482
1 0.551376 0.740296 0.124385 0.090573
1 0.877210 0.733826 0.094640 0.055453
2 0.086286 0.097967 0.048672 0.059150
2 0.445920 0.128466 0.091936 0.060998
2 0.094398 0.421442 0.075712 0.066543
2 0.184982 0.529575 0.078416 0.072089
2 0.454032 0.447320 0.081120 0.070240
2 0.460792 0.778189 0.100048 0.059150
2 0.111974 0.751386 0.067600 0.042514
2 0.194446 0.857671 0.091936 0.077634
0 0.171462 0.073937 0.273105 0.103512
0 0.770401 0.074861 0.167649 0.109057
0 0.197150 0.407579 0.189281 0.142329
0 0.775809 0.747689 0.097344 0.127542
0 0.771753 0.432532 0.089232 0.088725
0 0.098454 0.720887 0.105457 0.088725
0 0.455384 0.364140 0.056784 0.033272